10252
10343
1074
11130
11159
11317
1156
1179
118367
11909
119144
11946
11992
120156
120178
120503
12172
12190
12320
12322
12379
12493
12525
12681
12727
12887
12914
12985
1310
13339
13342
1375
13756
13883
13901
13940
13970
13976
13998
14062
14125
14142
14155
14159
14175
14324
14337
14371
14538
14569
14581
14763
14939
1494
14963
14978
15064
15079
15102
15117
15328
15332
15495
15722
15906
16060
16134
1632
16373
16391
16499
16583
16733
16907
16960
16973
16986
17091
17373
1740
1752
17700
1773
1785
17951
17991
18100
18351
18505
18764
1900
1912
19154
19171
19175
1918
19245
1930
19357
1938
19486
19517
19530
19558
19582
19713
19715
19727
1973
19743
19912
19927
19940
19964
19976
19995
20050
20140
20169
20189
20386
20399
20654
20938
20953
21097
21110
21367
21381
21473
21586
21671
217552
217716
217930
218365
218580
218853
218968
218985
219181
219548
219660
219740
21996
219972
219998
220095
220317
220367
220789
22104
221098
221266
221397
221701
22178
222578
222597
222719
222916
222988
223132
22339
223652
22383
223923
224184
224720
224746
224962
224963
225197
225389
225712
225785
22581
225995
226197
226350
226997
227165
227350
227512
22765
22769
227791
227948
227989
2282
228397
229278
229696
229736
229769
22986
229949
22995
229959
230545
230593
230996
231524
231711
2319
231947
232166
232356
2326
232876
232952
232992
233143
234138
234350
234384
234584
234736
234916
235183
235292
235342
235398
2356
235693
235778
235788
23586
235996
236587
236598
2367
23714
23745
237738
237769
237787
23791
238157
238171
238181
238508
238620
238662
238797
239094
239250
239348
239392
239596
239941
240127
24049
2405
240525
240789
240910
240922
24098
241174
241309
241323
24139
241638
241643
241760
241923
242380
24251
242713
242987
24315
243500
243555
243734
243922
243936
244361
244711
244894
245340
24544
245526
245561
24562
245929
246196
246304
246348
24648
246512
246572
246591
246641
246703
246757
246922
247337
247363
247411
24893
2498
249898
249987
2510
251163
251167
251317
251384
251411
251510
251766
2519
251905
251944
251987
252147
252218
252337
252388
252515
252560
252952
252962
252987
253014
253119
253165
253341
253388
253444
25353
253586
253596
25367
253755
253774
25390
253905
253929
253962
253983
254144
254150
254330
254509
254550
254612
254788
25494
255184
25523
255345
255363
255368
255398
25551
255598
255711
255737
25586
255881
255932
2561
256166
256301
256972
256977
256989
257150
257301
257309
257364
25756
25761
25781
257860
258134
258173
258254
258353
2586
258661
258863
258913
258963
258977
25924
25930
2594
259569
259585
259715
259777
259784
259786
259901
259919
25992
25996
259962
260077
260103
260117
260350
260546
260741
260926
261178
261358
261361
261381
261530
262329
262355
262496
262518
262540
262792
262799
263081
263289
263558
263693
263788
263789
26387
263912
264139
264163
264321
264372
264397
264476
264726
265110
265114
265146
265172
265183
26519
265281
265305
265342
265376
265402
265498
265767
265769
26589
265892
266145
26617
266329
266377
266386
266700
266874
267117
267118
26716
26730
267354
267550
267574
26782
26785
267984
268047
268169
268180
268338
268538
268719
268883
26892
268955
268973
26911
269130
269163
269510
269642
269755
26996
269984
270172
270305
270594
270766
270909
271123
271339
27187
272127
272287
272354
272375
272802
27292
273102
273293
273297
273324
273919
274095
274232
274384
274465
274953
275096
275151
27552
275959
276018
276137
276142
276152
27617
276306
276548
276895
277277
277524
27790
27793
278348
278353
278953
278955
278969
279103
27920
279352
27941
279552
279603
27963
279758
279767
280017
280797
281173
281344
28152
281562
28164
281679
281788
281917
281928
282142
282314
282340
282594
282792
282793
282797
282952
283126
283199
283566
28359
283599
283741
28393
283997
284144
284196
284552
284598
285187
285247
28538
285832
286090
286929
286954
286957
287281
287981
289166
289182
289344
28946
28948
289568
289762
290158
290956
2917
292378
292538
292744
292915
293010
293332
293343
293735
293741
293966
29411
294586
29486
295360
29597
296175
296576
296593
296984
29728
29739
29776
297947
297953
298072
298547
298632
299371
29953
299535
299569
299791
29995
300194
300316
300347
300381
300388
300768
300955
30197
302701
30325
303363
30356
304379
304556
307126
30747
308706
30997
310521
3116
3132
3141
3165
3167
3169
31701
3187
31917
32156
32340
32540
32557
32727
32746
32955
32978
32979
3307
33110
33125
33133
33167
33172
33199
33318
33353
3338
3342
33530
33691
33786
33798
33981
33982
34195
34247
34521
34587
34644
34679
34683
34708
34765
34843
34932
35120
35256
35323
35325
35347
35374
35395
35514
35566
35585
35695
3572
35738
35742
3578
35875
36094
36140
36143
36289
36363
36382
36755
36786
36905
36964
37122
37143
37156
37177
37178
37384
37391
37416
37474
3748
37499
37545
37569
37573
37685
37701
37756
37758
37760
37780
37937
37940
37979
38153
38167
38540
38541
38543
38755
38765
38768
38775
38777
38895
38897
38907
38951
3896
39093
39094
39281
39328
39333
39346
39373
39378
39420
39558
39573
39710
39729
3977
39779
3986
40117
40171
40178
40191
40251
40339
40361
40381
40493
40539
40565
40570
40640
4072
40750
41020
41137
41150
41323
41367
4155
41556
4167
41935
42179
42180
42361
42510
42582
42588
42727
42778
42818
4304
43094
43180
43346
43353
43360
43364
43540
43727
43734
43927
44157
44181
44304
44339
44513
44700
44754
44985
44986
45278
45318
45353
4556
45720
45750
45760
46036
46133
46257
46355
46466
46559
46561
46566
46915
46918
46967
46993
47101
47167
47203
4724
47346
47367
4756
4767
47845
4785
4791
47945
47977
47984
48052
48118
48187
48198
48387
48393
48514
48517
48528
48668
48768
4903
49153
49188
4924
49364
4944
49529
49571
49580
50114
50327
5046
50589
50932
50985
5143
51746
51767
51777
5183
51928
52038
52081
52140
52331
52348
52352
5252
52562
52697
52925
52967
53165
53298
53333
53361
5345
53507
5356
53754
53765
5386
53956
540
54543
54550
54580
54589
5488
5497
5534
55341
55499
5571
55913
55933
55936
55938
55940
56129
56151
56166
56687
56750
56775
56947
57136
57192
57540
5774
57761
57777
57918
57947
57948
58062
58152
58162
58725
58939
59063
5954
59540
5967
5974
59959
60125
60179
60305
60359
60599
60727
60803
60974
60995
61134
61162
61168
61285
61305
61343
61392
6141
61509
61569
6168
6194
61969
62134
62144
62177
62354
62379
62380
62509
62512
62789
62790
62865
62927
62958
63122
63130
6340
63482
63485
63510
63516
6355
63550
6356
63560
63577
63596
6365
63732
63742
63766
6377
63770
63774
63788
63795
63878
6390
6392
63940
63961
64179
64181
64243
64293
64360
64390
64551
64728
6485
64938
64945
65101
65104
65178
6526
65377
65562
66950
66971
66977
67099
67146
67327
676
67678
67722
67832
67978
68018
681
68140
68190
68334
68390
68395
68466
68620
68691
68710
68765
68787
68955
69123
69153
69307
69508
69571
69592
69613
70179
70583
70741
70904
70938
70978
70979
71093
71143
7164
7165
71912
71950
71992
72193
72198
72327
72542
7305
73104
7313
73159
73332
73573
7359
73595
7370
73713
7383
73968
74119
74138
74361
7445
74567
74568
74702
75081
75082
75104
75134
75158
7525
75318
75372
75475
75553
75744
76334
76347
76405
76579
7679
76849
77054
77196
7726
7732
77411
77560
7758
77581
77585
77589
7759
7763
7770
77719
77757
77765
77766
77782
77794
77913
77918
7792
77924
77938
77949
7795
77955
77973
77986
77994
77998
78079
78134
78149
78179
78192
78341
78373
78374
78508
78555
78561
78679
78693
78700
78713
78717
78724
78737
78758
78783
78794
78798
788
78807
78910
78911
78949
78952
78956
78990
7902
7925
7931
794
7940
7950
7951
796
7985
8098
8110
8117
8125
8146
8179
8188
8313
8366
8376
8390
84757
8502
8504
8517
8544
8556
8565
8599
8667
86794
86942
8717
87343
8740
87590
8766
8789
8956
8966
8995
90544
909
9128
9133
91472
91537
9168
9186
92350
9243
9290
92969
93045
9324
93497
9378
9407
94750
9480
95149
9564
961
9741
9746
97533
97739
97765
97778
97837
9791
97934
97945
9798
98089
98129
98148
98196
98288
9916