266
486
794
1146
1575
1721
2360
2927
2957
3041
3106
3141
3148
3345
4131
4306
4708
4709
4944
5355
5719
5859
6365
6776
6968
7542
7931
8079
8717
9791
10496
10929
11342
12162
12370
12459
12746
12959
12991
13883
14325
14956
15049
15104
15517
16104
16196
16454
16818
16940
18082
18271
18865
19715
19939
20943
21092
21180
21597
21665
22297
22900
23281
23723
23870
23949
24893
25445
25490
25563
26161
26278
26351
26382
26513
27583
27646
27790
28114
29910
30171
30775
31099
31255
31341
32065
32307
32371
33133
33173
33550
33785
33987
34079
34909
35738
35859
35901
36536
36925
37390
37483
37847
37910
38285
38489
38509
38836
39295
39378
39573
39687
40178
40539
40565
40584
40607
40989
41008
41667
42064
42345
42368
42556
42562
42781
42818
42925
42949
42981
43094
43299
43715
43741
44185
44669
45061
45353
46309
46328
47878
47982
48133
48344
48752
49169
49180
49248
50144
50384
51142
51746
51775
51860
52081
52947
53164
54994
56193
56988
58452
60311
60579
60660
60779
60939
60941
60985
61169
61963
62117
62179
62199
62200
62919
63462
63465
63498
63766
64145
64955
65327
65468
67386
67524
67713
68133
68469
69368
69923
71093
71747
72086
72446
73112
73955
73968
74344
74364
74711
75050
75158
75936
77588
77796
77834
78011
78179
78374
90544
95594
97501
217605
218757
218956
219390
219898
220043
220581
222707
225785
227791
228903
229374
229616
230081
230358
231932
231934
232905
233260
234186
234582
234616
234940
235753
235871
236112
236157
236966
237520
238712
239121
239782
240132
240761
241655
241680
243358
244533
244705
245398
245494
245526
247411
247491
251510
251602
251766
252560
253100
253543
253887
253978
254313
254360
257194
257905
261458
262539
263325
263992
264317
269130
269966
270109
270148
270766
272375
273398
273944
274173
274971
275341
276686
278371
278511
281751
282930
283560
284553
284917
285770
285973
289113
292786
292977
296586
299729
300194
300347
300551
305576
